.Random.seed <-
  c(403L, 10L, -621370582L, 159900748L, -745018353L, -1260206267L, 
    1043132668L, 1758642002L, 1628647629L, 1159676039L, 966173550L, 
    1456624968L, -761994933L, -2090543959L, -318986760L, -1077899994L, 
    -1325437375L, 916088787L, 1242381698L, 923619764L, 564002103L, 
    1820833837L, -720329404L, -267410838L, -610743083L, -1433695633L, 
    -949305482L, -494862176L, -1958045341L, -721921535L, 929483120L, 
    1700165902L, -818295943L, -1543814389L, 2058439738L, 620456764L, 
    238698623L, 1624695765L, 1105792492L, -1253007550L, 604610717L, 
    -1340597993L, -1045860226L, -1096824776L, 762634011L, 444083321L, 
    -47041336L, -1674947338L, -56670927L, -1554516637L, -703195342L, 
    -557891452L, -658367289L, 1689358237L, -212747500L, -1796748870L, 
    180805637L, 1712526815L, -143071130L, 270227440L, 546677011L, 
    -2040070479L, 838744416L, 79400702L, -83891575L, -636320325L, 
    -1233223798L, 1494673004L, 220452847L, 1780707365L, -2014314276L, 
    -383359310L, 1647020461L, 2121563495L, -1954141554L, -60673176L, 
    -288298133L, 1189664009L, 727624600L, 1087187654L, 463605793L, 
    -1727605581L, 46777890L, 347666452L, -163939177L, -341191027L, 
    466139044L, 1267378570L, 171185653L, -761788337L, 1735892822L, 
    -379816448L, -1300773053L, -1968136479L, 1424686160L, -1377712978L, 
    -1871486887L, -466091925L, -70437414L, -2097111396L, -792678241L, 
    -923120907L, -1052092532L, 2112190050L, 1920584253L, -1261603657L, 
    -1219122338L, -804221288L, 1477602811L, -1335808103L, -470874072L, 
    -2065960746L, -2126334639L, 440787971L, -2092299374L, 2010671396L, 
    177024999L, 2046964797L, 1570374324L, 1178243354L, -1628839323L, 
    986859263L, 622934918L, -1192452848L, -946137677L, 465552977L, 
    59614720L, -431824162L, -1385434839L, 28630235L, -1646269462L, 
    -417678452L, 1663139023L, -160160635L, -1362170052L, -918491630L, 
    665545997L, -1359890873L, -1198494674L, -946802296L, 1353066635L, 
    -588234135L, 500121144L, -918792474L, -299044223L, 1445363219L, 
    -988476990L, 177971828L, -821574537L, -1685156499L, -1196051964L, 
    1312002346L, 842712725L, -1314280145L, 700553270L, -15946656L, 
    1621508771L, 1469347265L, 114475440L, -1456430898L, 986005049L, 
    -690126773L, -253480454L, -929272580L, 1552417087L, -1486160363L, 
    -665699028L, -1827238398L, 828151005L, 1405980631L, -1423054146L, 
    1998843128L, 1599623899L, 888211769L, -1189917560L, 1100594230L, 
    -1804138383L, -1791444317L, -568287246L, -1230556348L, 1516805127L, 
    1823848925L, 515901140L, -336614918L, -730233531L, -1287892577L, 
    1203073830L, -1864348752L, 346077267L, 1046000497L, -272285024L, 
    814167614L, -137151159L, 1443890171L, 590833610L, 917035308L, 
    1049359663L, 1817967589L, -69680484L, 1097565938L, -317122707L, 
    -1060904793L, 104817358L, 746098728L, 1603578923L, -1430348215L, 
    -1496459432L, 1430733318L, 1294461921L, 841681267L, 64039394L, 
    -1696772780L, 855172183L, 118278221L, -2014589980L, 1865984458L, 
    -1989791691L, 1635397263L, -2021654634L, -800881856L, 1526541827L, 
    1351234593L, 1306539792L, 150056174L, 1566373017L, 409592107L, 
    1607178266L, -558558500L, 970445535L, 707313152L, 473145684L, 
    1198182632L, -988126982L, -347715888L, 1126158636L, -2004852492L, 
    2100956562L, -2025596576L, 1819006988L, 194691808L, -313415070L, 
    1122353832L, -1492391348L, 2138828668L, 1748276530L, -196385168L, 
    1348236100L, -2059769896L, 1478363002L, 557102640L, -1531582532L, 
    370914900L, -1122119614L, 1044738208L, -493046084L, 1113876944L, 
    -190069918L, -1787780376L, 1632223436L, 900325884L, -123735566L, 
    -603256192L, 734830068L, -1458424184L, 279043898L, -2107419824L, 
    -100144020L, -1878031980L, -1812908974L, 518717920L, -1468965684L, 
    -1142045536L, 315028866L, 1876674792L, -1652984084L, 267408700L, 
    -1146155918L, 302573680L, -1573322716L, 144919608L, 788213530L, 
    1110011088L, -1430405316L, -281679980L, 1933333378L, 230377920L, 
    1524825660L, -658160240L, -1039778270L, -1021172472L, 1450225292L, 
    506961692L, -658521966L, 421181824L, 1420781076L, -1113415896L, 
    386800186L, 1796750800L, -1325487764L, -1104575564L, 833509394L, 
    965047776L, -1089583156L, 61989088L, 342497314L, -167616216L, 
    2088771084L, -1461639364L, -450509838L, -599155984L, 2081934916L, 
    1599226456L, -651112646L, -1503730192L, 214783676L, -1460684524L, 
    -1373420862L, -1859128224L, -209190020L, 1357518800L, -427892446L, 
    -1870759256L, -1222698100L, 1744091324L, -580653262L, 735750720L, 
    -777749324L, 644162120L, -1835178566L, 152306192L, 211350252L, 
    -1363336876L, -708230894L, 853560736L, -1492147508L, -460317088L, 
    -282298430L, 1814095656L, -104960084L, 1790567228L, 217885042L, 
    847280944L, 1071672612L, -1567970504L, 953360090L, -821647472L, 
    1720995580L, 1789701012L, 211034178L, -1937943296L, -646544324L, 
    1246413136L, 2077692066L, -950771384L, -1658579188L, 899924700L, 
    1900571986L, 1144013952L, -226713516L, -735080472L, -2046514950L, 
    973581136L, -617513172L, -466835084L, -326964334L, 1315055712L, 
    -1721610868L, -1637983392L, -199607838L, -1554877528L, -948685620L, 
    137953276L, 1801577906L, 1287812592L, 1729563588L, 301901144L, 
    -1380951686L, 1418789808L, 1602783676L, -526763948L, -1636485182L, 
    -1833291744L, -130402116L, -661745072L, 1550824418L, -1207304088L, 
    -2120235956L, -1025664772L, -138015758L, 487377152L, -873119372L, 
    -980292600L, -352354374L, 2024223184L, -571048980L, -456908396L, 
    1996362194L, 1967493472L, 720424780L, -1194895072L, 2077704066L, 
    1762111208L, 1329119468L, 721269820L, -547177614L, 1523859056L, 
    -675408860L, -320582856L, 43756698L, -527822128L, -596180804L, 
    577711764L, -1363822974L, -1845868352L, -109731012L, -1613865840L, 
    2081160738L, 1379454984L, 1560485132L, 987868316L, 1364491794L, 
    -266764416L, 917687828L, -657905112L, 1249506618L, 808864208L, 
    1335637100L, 1998301492L, -2137844078L, -860026016L, 550826828L, 
    -857229344L, -42854494L, 74647464L, 559656332L, -152008516L, 
    743934322L, -1494608656L, -1147916220L, -877485736L, 921052730L, 
    190282608L, 709572668L, 1569054484L, 1478518210L, 1343847136L, 
    -857237636L, -1689067824L, 1823561890L, -1200419800L, 1650517260L, 
    -2068912196L, 1063938354L, -183146048L, -1169044940L, -470672440L, 
    2118814223L, -2039717240L, 1468733350L, 1596677971L, -1148116811L, 
    -1996325358L, -1293280288L, -1901449655L, -370496389L, -660386484L, 
    1107065050L, 833292495L, 1658770585L, 463542446L, 502416828L, 
    -1584046547L, -628475433L, -1425485792L, -1051871874L, -44389557L, 
    1651339597L, 943607674L, 1012310456L, 97141601L, 1724207891L, 
    1066117940L, 1424402754L, 1185869143L, -594278239L, -884317850L, 
    882676580L, 1084308117L, -995427393L, -689352872L, -2116483722L, 
    -1175197821L, -1682850363L, 831832802L, -1141445808L, 1091827321L, 
    996407723L, 1257000732L, -2000218038L, -927298497L, 335154313L, 
    638970014L, 11920716L, 1469334813L, 636846247L, 640118736L, 460466030L, 
    -611332581L, 1136473981L, 1536638314L, -1119284216L, -1338172239L, 
    1448491811L, -583546844L, -1497249070L, 1864474407L, -1135492751L, 
    -1718024266L, 1145076564L, 1834354149L, 3669999L, -1310466264L, 
    -42113146L, -2052172877L, 1331147541L, 1162628466L, -496193088L, 
    -238312919L, 229795483L, 160706412L, 631551866L, -515813201L, 
    -759239751L, -316801586L, -1358386916L, 1014176909L, -626880265L, 
    -421585920L, 2013142622L, 1854898475L, -1505172947L, -501063014L, 
    -470802856L, 1544036801L, -530534797L, 884059028L, 1395171874L, 
    594324791L, -851227647L, 308539654L, 1273795908L, 1942042741L, 
    160078303L, 1222354232L, 2133407510L, 1073035043L, 911033573L, 
    -1617100542L, -1836780688L, 819784473L, 178227979L, 1007998972L, 
    -733858774L, 413096031L, 2125959145L, 1558671614L, 140026092L, 
    -145701827L, 1213609991L, -1529068560L, -323088498L, -790590021L, 
